FRONTAL
v -0.02 0.01 0.97 1.0 1.0 1.0 1.0
v 0.02 0.01 0.97 1.0 1.0 1.0 1.0
v -0.02 -0.03 0.97 1.0 1.0 1.0 1.0
v 0.02 -0.03 0.97 1.0 1.0 1.0 1.0

v -0.05 0.05 0.9 1.0 1.0 1.0 1.0
v 0.05 0.05 0.9 1.0 1.0 1.0 1.0
v -0.05 -0.05 0.9 1.0 1.0 1.0 1.0
v 0.05 -0.05 0.9 1.0 1.0 1.0 1.0




TRASERA
v -0.05 0.05 -0.9 1.0 1.0 1.0 1.0
v 0.05 0.05 -0.9 1.0 1.0 1.0 1.0
v -0.05 -0.05 -0.9 1.0 1.0 1.0 1.0
v 0.05 -0.05 -0.9 1.0 1.0 1.0 1.0

v -0.02 0.01 -0.97 1.0 1.0 1.0 1.0
v 0.02 0.01 -0.97 1.0 1.0 1.0 1.0
v -0.02 -0.03 -0.97 1.0 1.0 1.0 1.0
v 0.02 -0.03 -0.97 1.0 1.0 1.0 1.0


ALA DERECHA
v 0.05 0.05 0.1 1.0 1.0 1.0 1.0
v 0.97 0.05 0.0 1.0 1.0 1.0 1.0
v 0.05 0.0 0.1 1.0 1.0 1.0 1.0
v 0.97 0.04 0.0 1.0 1.0 1.0 1.0

v 0.05 0.05 -0.1 1.0 1.0 1.0 1.0
v 0.97 0.05 -0.1 1.0 1.0 1.0 1.0
v 0.05 0.0 -0.1 1.0 1.0 1.0 1.0
v 0.97 0.04 -0.1 1.0 1.0 1.0 1.0

ALA IZQUIERDA
v -0.05 0.05 0.1 1.0 1.0 1.0 1.0
v -0.97 0.05 0.0 1.0 1.0 1.0 1.0
v -0.05 0.0 0.1 1.0 1.0 1.0 1.0
v -0.97 0.04 0.0 1.0 1.0 1.0 1.0

v -0.05 0.05 -0.1 1.0 1.0 1.0 1.0
v -0.97 0.05 -0.1 1.0 1.0 1.0 1.0
v -0.05 0.0 -0.1 1.0 1.0 1.0 1.0
v -0.97 0.04 -0.1 1.0 1.0 1.0 1.0



ALA DERECHA TRASERA
v 0.05 0.05 -0.8 1.0 1.0 1.0 1.0
v 0.3 0.05 -0.85 1.0 1.0 1.0 1.0
v 0.05 0.0 -0.8 1.0 1.0 1.0 1.0
v 0.3 0.045 -0.85 1.0 1.0 1.0 1.0

v 0.05 0.05 -0.9 1.0 1.0 1.0 1.0
v 0.3 0.05 -0.9 1.0 1.0 1.0 1.0
v 0.05 0.0 -0.9 1.0 1.0 1.0 1.0
v 0.3 0.045 -0.9 1.0 1.0 1.0 1.0


ALA IZQUIERDA TRASERA
v -0.05 0.05 -0.8 1.0 1.0 1.0 1.0
v -0.3 0.05 -0.85 1.0 1.0 1.0 1.0
v -0.05 0.0 -0.8 1.0 1.0 1.0 1.0
v -0.3 0.045 -0.85 1.0 1.0 1.0 1.0

v -0.05 0.05 -0.9 1.0 1.0 1.0 1.0
v -0.3 0.05 -0.9 1.0 1.0 1.0 1.0
v -0.05 0.0 -0.9 1.0 1.0 1.0 1.0
v -0.3 0.045 -0.9 1.0 1.0 1.0 1.0


ALETA SUPERIOR
v -0.01 0.25 -0.85 1.0 1.0 1.0 1.0
v 0.01 0.25 -0.85 1.0 1.0 1.0 1.0
v -0.02 0.1 -0.8 1.0 1.0 1.0 1.0
v -0.02 0.1 -0.8 1.0 1.0 1.0 1.0

v -0.015 0.25 -0.9 1.0 1.0 1.0 1.0
v 0.015 0.25 -0.9 1.0 1.0 1.0 1.0
v -0.025 0.1 -0.92 1.0 1.0 1.0 1.0
v -0.025 0.1 -0.92 1.0 1.0 1.0 1.0





MORRO
f 0 1 2
f 1 2 3

f 1 3 5
f 3 5 7

f 1 4 5
f 0 1 4

f 0 4 6
f 0 2 6

f 2 3 6
f 3 6 7




FUSELAJE
f 4 5 8
f 5 8 9

f 5 9 11
f 5 7 11

f 6 7 10
f 7 10 11

f 6 4 8
f 6 8 10




PARTE TRASERA
f 8 9 12
f 9 12 13

f 9 13 15
f 9 11 15

f 10 11 14
f 11 14 15

f 8 12 14
f 8 10 14

f 12 13 14
f 13 14 15




ALA DERECHA
f 16 17 18
f 17 18 19

f 16 17 20
f 17 20 21

f 20 21 22
f 21 22 23

f 18 22 23
f 18 19 23

f 17 19 21
f 19 21 23



ALA IZQUIERDA

f 24 25 26
f 25 26 27

f 24 25 28
f 25 28 29

f 28 30 31
f 28 29 31

f 26 27 30
f 27 30 21

f 25 27 28
f 27 29 31



ALA DERECHA TRASERA
f 32 33 34
f 33 34 35

f 32 33 36
f 33 36 37

f 36 37 38
f 37 38 39

f 34 38 39
f 34 35 39

f 33 35 37
f 35 37 39


ALA IZQUIERDA TRASERA
f 40 41 42
f 41 42 43

f 40 41 44
f 41 44 45

f 44 45 46
f 45 46 47

f 42 43 46
f 43 46 47

f 41 43 45
f 43 45 47


ALETA SUPERIOR
f 48 49 50
f 49 50 51

f 48 50 52
f 50 52 54

f 52 53 54
f 53 54 55

f 49 51 53
f 51 53 55

f 48 49 52
f 49 52 53